noise:
  gyroscope_std: 0.000061087
  accelerometer_std: 0.0013734
  gyroscope_bias_std: 0.00001
  accelerometer_bias_std: 0.00001
  contact_std: 0.0001

